MN:20
==> Start TMVAClassification
DataSetInfo              : [dataset] : Added class "Signal"
                         : Add Tree Tree_ee of type Signal with 21448 events
DataSetInfo              : [dataset] : Added class "Background"
                         : Add Tree Tree_ee of type Background with 2732 events
!H:!V:BoostType=Grad:NTrees=100:MinNodeSize=10%:Shrinkage=0.1:UseBaggedBoost:BaggedSampleFraction=0.5:nCuts=100:MaxDepth=2
Factory                  : Booking method: [1mBDTG[0m
                         : 
                         : the option NegWeightTreatment=InverseBoostNegWeights does not exist for BoostType=Grad
                         : --> change to new default NegWeightTreatment=Pray
                         : Building event vectors for type 2 Signal
                         : Dataset[dataset] :  create input formulas for tree Tree_ee
                         : Dataset[dataset] :  create input formulas for tree Tree_ee
                         : Dataset[dataset] :  create input formulas for tree Tree_ee
                         : Dataset[dataset] :  create input formulas for tree Tree_ee
                         : Dataset[dataset] :  create input formulas for tree Tree_ee
                         : Building event vectors for type 2 Background
                         : Dataset[dataset] :  create input formulas for tree Tree_ee
                         : Dataset[dataset] :  create input formulas for tree Tree_ee
                         : Dataset[dataset] :  create input formulas for tree Tree_ee
DataSetFactory           : [dataset] : Number of events in input trees
                         : 
                         : 
                         : Dataset[dataset] : Weight renormalisation mode: "EqualNumEvents": renormalises all event classes ...
                         : Dataset[dataset] :  such that the effective (weighted) number of events in each class is the same 
                         : Dataset[dataset] :  (and equals the number of events (entries) given for class=0 )
                         : Dataset[dataset] : ... i.e. such that Sum[i=1..N_j]{w_i} = N_classA, j=classA, classB, ...
                         : Dataset[dataset] : ... (note that N_j is the sum of TRAINING events
                         : Dataset[dataset] :  ..... Testing events are not renormalised nor included in the renormalisation factor!)
                         : Number of training and testing events
                         : ---------------------------------------------------------------------------
                         : Signal     -- training events            : 10724
                         : Signal     -- testing events             : 10724
                         : Signal     -- training and testing events: 21448
                         : Background -- training events            : 1366
                         : Background -- testing events             : 1366
                         : Background -- training and testing events: 2732
                         : 
DataSetInfo              : Correlation matrix (Signal):
                         : -----------------------------------------------------------------------------------------------------------------------------------------------------------------------------------------------------------------------------------------------
                         :                Nj      Nb    Ptl1    Ptl2    Ptj1    Ptj2    Ptj3      HT  MET2HT    dRll  dRlj11  dRlj12  dRlj13  dRlj21  dRlj22  dRlj23   MSSSF   MTvl1   MTvl2 MllW_2jL MllW_1jL Ml1W_2jL Ml1W_1jL Ml2W_2jL Ml2W_1jL MllW1_H Ml1W1_H Ml2W1_H
                         :       Nj:  +1.000  +0.130  +0.041  -0.022  +0.245  +0.292  +0.433  +0.612  -0.159  -0.066  -0.035  +0.007  -0.009  +0.006  -0.009  -0.003  -0.080  -0.030  -0.054   -0.335   +0.062   -0.321   -0.066   -0.335   -0.087  -0.039  -0.030  -0.079
                         :       Nb:  +0.130  +1.000  -0.027  -0.032  +0.015  +0.044  +0.071  +0.078  -0.024  +0.033  -0.025  -0.027  +0.008  -0.045  -0.010  +0.020  -0.013  -0.025  -0.005   -0.050   -0.006   -0.044   -0.023   -0.030   -0.014  -0.025  -0.020  -0.026
                         :     Ptl1:  +0.041  -0.027  +1.000  +0.343  +0.328  +0.183  +0.157  +0.242  +0.040  -0.521  +0.224  +0.022  -0.008  +0.157  +0.043  +0.025  +0.182  +0.412  +0.141   +0.436   +0.030   +0.461   +0.553   +0.182   +0.310  +0.516  +0.561  +0.214
                         :     Ptl2:  -0.022  -0.032  +0.343  +1.000  +0.155  +0.063  +0.043  +0.089  +0.054  -0.332  +0.134  +0.042  +0.011  +0.128  +0.075  +0.037  +0.385  +0.176  +0.352   +0.361   +0.060   +0.212   +0.381   +0.354   +0.544  +0.350  +0.219  +0.463
                         :     Ptj1:  +0.245  +0.015  +0.328  +0.155  +1.000  +0.748  +0.539  +0.839  -0.073  -0.175  +0.076  -0.166  -0.056  +0.067  -0.120  -0.021  +0.028  +0.057  +0.014   +0.236   -0.006   +0.239   +0.361   +0.211   +0.303  +0.305  +0.302  +0.247
                         :     Ptj2:  +0.292  +0.044  +0.183  +0.063  +0.748  +1.000  +0.703  +0.856  -0.118  -0.071  -0.057  -0.108  +0.000  -0.026  -0.086  +0.002  +0.018  +0.039  -0.003   +0.251   -0.021   +0.257   +0.222   +0.259   +0.198  +0.288  +0.285  +0.243
                         :     Ptj3:  +0.433  +0.071  +0.157  +0.043  +0.539  +0.703  +1.000  +0.809  -0.135  -0.095  -0.069  -0.046  -0.006  -0.030  -0.041  -0.002  -0.026  +0.025  -0.015   +0.203   -0.049   +0.216   +0.165   +0.224   +0.155  +0.262  +0.262  +0.221
                         :       HT:  +0.612  +0.078  +0.242  +0.089  +0.839  +0.856  +0.809  +1.000  -0.145  -0.141  -0.012  -0.105  -0.027  +0.015  -0.084  -0.011  -0.016  +0.031  -0.015   +0.119   -0.003   +0.130   +0.237   +0.116   +0.198  +0.264  +0.264  +0.202
                         :   MET2HT:  -0.159  -0.024  +0.040  +0.054  -0.073  -0.118  -0.135  -0.145  +1.000  -0.004  -0.060  +0.010  +0.006  -0.043  -0.002  +0.012  +0.074  +0.485  +0.461   +0.040   +0.055   +0.023   -0.007   +0.021   -0.007  -0.003  -0.011  -0.008
                         :     dRll:  -0.066  +0.033  -0.521  -0.332  -0.175  -0.071  -0.095  -0.141  -0.004  +1.000  -0.231  -0.024  -0.006  -0.272  -0.062  -0.041  +0.421  -0.220  -0.126   -0.154   +0.211   -0.240   -0.207   -0.110   -0.147  -0.264  -0.305  -0.203
                         :   dRlj11:  -0.035  -0.025  +0.224  +0.134  +0.076  -0.057  -0.069  -0.012  -0.060  -0.231  +1.000  -0.255  -0.137  +0.269  +0.053  +0.024  +0.002  -0.059  -0.000   +0.128   +0.001   +0.129   +0.365   +0.095   +0.174  +0.226  +0.234  +0.147
                         :   dRlj12:  +0.007  -0.027  +0.022  +0.042  -0.166  -0.108  -0.046  -0.105  +0.010  -0.024  -0.255  +1.000  -0.053  +0.043  +0.295  -0.026  +0.019  -0.004  +0.002   +0.113   -0.058   +0.127   -0.016   +0.018   +0.020  +0.142  +0.151  +0.070
                         :   dRlj13:  -0.009  +0.008  -0.008  +0.011  -0.056  +0.000  -0.006  -0.027  +0.006  -0.006  -0.137  -0.053  +1.000  +0.026  -0.040  +0.314  +0.032  -0.006  +0.005   +0.217   -0.096   +0.239   +0.091   +0.121   +0.100  +0.177  +0.189  +0.098
                         :   dRlj21:  +0.006  -0.045  +0.157  +0.128  +0.067  -0.026  -0.030  +0.015  -0.043  -0.272  +0.269  +0.043  +0.026  +1.000  -0.187  -0.095  -0.098  +0.037  -0.094   +0.094   -0.076   +0.111   +0.166   +0.068   +0.313  +0.180  +0.153  +0.215
                         :   dRlj22:  -0.009  -0.010  +0.043  +0.075  -0.120  -0.086  -0.041  -0.084  -0.002  -0.062  +0.053  +0.295  -0.040  -0.187  +1.000  -0.049  +0.017  -0.010  +0.003   +0.120   -0.067   +0.065   +0.043   +0.139   +0.046  +0.142  +0.087  +0.208
                         :   dRlj23:  -0.003  +0.020  +0.025  +0.037  -0.021  +0.002  -0.002  -0.011  +0.012  -0.041  +0.024  -0.026  +0.314  -0.095  -0.049  +1.000  +0.026  +0.015  -0.005   +0.184   -0.072   +0.120   +0.093   +0.233   +0.131  +0.155  +0.101  +0.220
                         :    MSSSF:  -0.080  -0.013  +0.182  +0.385  +0.028  +0.018  -0.026  -0.016  +0.074  +0.421  +0.002  +0.019  +0.032  -0.098  +0.017  +0.026  +1.000  +0.128  +0.144   +0.361   +0.499   +0.154   +0.305   +0.222   +0.280  +0.238  +0.126  +0.153
                         :    MTvl1:  -0.030  -0.025  +0.412  +0.176  +0.057  +0.039  +0.025  +0.031  +0.485  -0.220  -0.059  -0.004  -0.006  +0.037  -0.010  +0.015  +0.128  +1.000  +0.523   +0.181   +0.072   +0.174   +0.158   +0.083   +0.100  +0.179  +0.186  +0.075
                         :    MTvl2:  -0.054  -0.005  +0.141  +0.352  +0.014  -0.003  -0.015  -0.015  +0.461  -0.126  -0.000  +0.002  +0.005  -0.094  +0.003  -0.005  +0.144  +0.523  +1.000   +0.138   +0.022   +0.092   +0.118   +0.132   +0.138  +0.104  +0.066  +0.136
                         : MllW_2jL:  -0.335  -0.050  +0.436  +0.361  +0.236  +0.251  +0.203  +0.119  +0.040  -0.154  +0.128  +0.113  +0.217  +0.094  +0.120  +0.184  +0.361  +0.181  +0.138   +1.000   -0.047   +0.942   +0.596   +0.845   +0.539  +0.720  +0.674  +0.605
                         : MllW_1jL:  +0.062  -0.006  +0.030  +0.060  -0.006  -0.021  -0.049  -0.003  +0.055  +0.211  +0.001  -0.058  -0.096  -0.076  -0.067  -0.072  +0.499  +0.072  +0.022   -0.047   +1.000   -0.147   -0.192   -0.103   -0.252  -0.037  -0.079  -0.107
                         : Ml1W_2jL:  -0.321  -0.044  +0.461  +0.212  +0.239  +0.257  +0.216  +0.130  +0.023  -0.240  +0.129  +0.127  +0.239  +0.111  +0.065  +0.120  +0.154  +0.174  +0.092   +0.942   -0.147   +1.000   +0.559   +0.731   +0.431  +0.694  +0.715  +0.505
                         : Ml1W_1jL:  -0.066  -0.023  +0.553  +0.381  +0.361  +0.222  +0.165  +0.237  -0.007  -0.207  +0.365  -0.016  +0.091  +0.166  +0.043  +0.093  +0.305  +0.158  +0.118   +0.596   -0.192   +0.559   +1.000   +0.415   +0.754  +0.558  +0.541  +0.392
                         : Ml2W_2jL:  -0.335  -0.030  +0.182  +0.354  +0.211  +0.259  +0.224  +0.116  +0.021  -0.110  +0.095  +0.018  +0.121  +0.068  +0.139  +0.233  +0.222  +0.083  +0.132   +0.845   -0.103   +0.731   +0.415   +1.000   +0.505  +0.583  +0.487  +0.679
                         : Ml2W_1jL:  -0.087  -0.014  +0.310  +0.544  +0.303  +0.198  +0.155  +0.198  -0.007  -0.147  +0.174  +0.020  +0.100  +0.313  +0.046  +0.131  +0.280  +0.100  +0.138   +0.539   -0.252   +0.431   +0.754   +0.505   +1.000  +0.475  +0.372  +0.542
                         :  MllW1_H:  -0.039  -0.025  +0.516  +0.350  +0.305  +0.288  +0.262  +0.264  -0.003  -0.264  +0.226  +0.142  +0.177  +0.180  +0.142  +0.155  +0.238  +0.179  +0.104   +0.720   -0.037   +0.694   +0.558   +0.583   +0.475  +1.000  +0.959  +0.795
                         :  Ml1W1_H:  -0.030  -0.020  +0.561  +0.219  +0.302  +0.285  +0.262  +0.264  -0.011  -0.305  +0.234  +0.151  +0.189  +0.153  +0.087  +0.101  +0.126  +0.186  +0.066   +0.674   -0.079   +0.715   +0.541   +0.487   +0.372  +0.959  +1.000  +0.627
                         :  Ml2W1_H:  -0.079  -0.026  +0.214  +0.463  +0.247  +0.243  +0.221  +0.202  -0.008  -0.203  +0.147  +0.070  +0.098  +0.215  +0.208  +0.220  +0.153  +0.075  +0.136   +0.605   -0.107   +0.505   +0.392   +0.679   +0.542  +0.795  +0.627  +1.000
                         : -----------------------------------------------------------------------------------------------------------------------------------------------------------------------------------------------------------------------------------------------
DataSetInfo              : Correlation matrix (Background):
                         : -----------------------------------------------------------------------------------------------------------------------------------------------------------------------------------------------------------------------------------------------
                         :                Nj      Nb    Ptl1    Ptl2    Ptj1    Ptj2    Ptj3      HT  MET2HT    dRll  dRlj11  dRlj12  dRlj13  dRlj21  dRlj22  dRlj23   MSSSF   MTvl1   MTvl2 MllW_2jL MllW_1jL Ml1W_2jL Ml1W_1jL Ml2W_2jL Ml2W_1jL MllW1_H Ml1W1_H Ml2W1_H
                         :       Nj:  +1.000  +0.095  +0.107  +0.066  +0.329  +0.371  +0.502  +0.629  -0.158  -0.070  +0.023  +0.038  -0.009  +0.010  -0.012  +0.022  +0.010  +0.034  +0.012   -0.105   +0.016   -0.152   +0.129   -0.131   +0.133  +0.061  +0.055  +0.023
                         :       Nb:  +0.095  +1.000  +0.068  +0.096  +0.117  +0.091  +0.110  +0.128  -0.044  +0.009  -0.014  +0.012  -0.027  -0.054  -0.006  -0.018  +0.080  -0.007  -0.000   +0.045   +0.099   +0.009   +0.031   +0.042   +0.017  +0.032  +0.001  +0.027
                         :     Ptl1:  +0.107  +0.068  +1.000  +0.378  +0.262  +0.176  +0.205  +0.240  -0.007  +0.025  +0.194  +0.076  +0.015  -0.006  -0.014  -0.060  +0.485  +0.362  +0.078   +0.576   +0.424   +0.547   +0.622   +0.285   +0.332  +0.620  +0.613  +0.200
                         :     Ptl2:  +0.066  +0.096  +0.378  +1.000  +0.080  +0.097  +0.069  +0.096  +0.004  +0.098  +0.042  +0.059  +0.060  +0.000  -0.029  +0.038  +0.571  +0.193  +0.322   +0.510   +0.539   +0.275   +0.295   +0.366   +0.453  +0.427  +0.218  +0.411
                         :     Ptj1:  +0.329  +0.117  +0.262  +0.080  +1.000  +0.718  +0.604  +0.878  -0.029  -0.075  +0.055  -0.127  -0.027  +0.026  -0.045  -0.077  +0.070  +0.018  +0.001   +0.214   +0.071   +0.252   +0.421   +0.198   +0.387  +0.234  +0.241  +0.156
                         :     Ptj2:  +0.371  +0.091  +0.176  +0.097  +0.718  +1.000  +0.722  +0.858  -0.151  -0.040  -0.036  -0.090  +0.007  -0.041  -0.012  -0.032  +0.072  +0.051  -0.025   +0.276   +0.064   +0.311   +0.290   +0.306   +0.283  +0.282  +0.278  +0.225
                         :     Ptj3:  +0.502  +0.110  +0.205  +0.069  +0.604  +0.722  +1.000  +0.827  -0.195  -0.051  -0.015  -0.029  -0.023  -0.025  -0.010  -0.081  +0.045  +0.019  -0.001   +0.236   +0.031   +0.293   +0.287   +0.232   +0.277  +0.252  +0.284  +0.136
                         :       HT:  +0.629  +0.128  +0.240  +0.096  +0.878  +0.858  +0.827  +1.000  -0.136  -0.083  +0.016  -0.075  -0.017  -0.007  -0.025  -0.055  +0.057  +0.031  -0.008   +0.196   +0.050   +0.225   +0.369   +0.195   +0.349  +0.259  +0.267  +0.176
                         :   MET2HT:  -0.158  -0.044  -0.007  +0.004  -0.029  -0.151  -0.195  -0.136  +1.000  +0.053  -0.027  +0.008  +0.060  -0.055  +0.043  -0.016  +0.035  +0.354  +0.335   -0.011   +0.048   -0.028   -0.025   -0.037   -0.042  -0.024  -0.025  -0.065
                         :     dRll:  -0.070  +0.009  +0.025  +0.098  -0.075  -0.040  -0.051  -0.083  +0.053  +1.000  -0.010  +0.049  -0.028  -0.136  -0.054  +0.006  +0.675  +0.110  +0.078   +0.358   +0.497   +0.100   +0.159   +0.175   +0.174  +0.229  +0.059  +0.047
                         :   dRlj11:  +0.023  -0.014  +0.194  +0.042  +0.055  -0.036  -0.015  +0.016  -0.027  -0.010  +1.000  -0.178  -0.055  -0.020  +0.034  +0.049  +0.128  -0.177  +0.082   +0.187   +0.089   +0.196   +0.548   +0.116   +0.061  +0.231  +0.252  +0.066
                         :   dRlj12:  +0.038  +0.012  +0.076  +0.059  -0.127  -0.090  -0.029  -0.075  +0.008  +0.049  -0.178  +1.000  +0.010  +0.076  -0.009  +0.065  +0.114  -0.035  +0.059   +0.158   +0.098   +0.189   +0.005   -0.026   +0.062  +0.183  +0.214  +0.007
                         :   dRlj13:  -0.009  -0.027  +0.015  +0.060  -0.027  +0.007  -0.023  -0.017  +0.060  -0.028  -0.055  +0.010  +1.000  +0.074  +0.018  +0.055  +0.070  -0.008  +0.032   +0.204   +0.078   +0.256   +0.056   +0.099   +0.084  +0.206  +0.235  +0.073
                         :   dRlj21:  +0.010  -0.054  -0.006  +0.000  +0.026  -0.041  -0.025  -0.007  -0.055  -0.136  -0.020  +0.076  +0.074  +1.000  -0.148  -0.003  -0.032  +0.048  -0.213   +0.015   -0.021   -0.002   -0.030   +0.053   +0.505  +0.042  -0.029  +0.193
                         :   dRlj22:  -0.012  -0.006  -0.014  -0.029  -0.045  -0.012  -0.010  -0.025  +0.043  -0.054  +0.034  -0.009  +0.018  -0.148  +1.000  +0.015  +0.005  +0.000  -0.061   +0.080   +0.013   +0.014   +0.044   +0.203   +0.003  +0.094  +0.008  +0.257
                         :   dRlj23:  +0.022  -0.018  -0.060  +0.038  -0.077  -0.032  -0.081  -0.055  -0.016  +0.006  +0.049  +0.065  +0.055  -0.003  +0.015  +1.000  +0.068  -0.031  +0.004   +0.133   +0.062   +0.018   +0.025   +0.267   +0.081  +0.145  +0.030  +0.307
                         :    MSSSF:  +0.010  +0.080  +0.485  +0.571  +0.070  +0.072  +0.045  +0.057  +0.035  +0.675  +0.128  +0.114  +0.070  -0.032  +0.005  +0.068  +1.000  +0.282  +0.197   +0.764   +0.914   +0.409   +0.451   +0.440   +0.437  +0.625  +0.364  +0.314
                         :    MTvl1:  +0.034  -0.007  +0.362  +0.193  +0.018  +0.051  +0.019  +0.031  +0.354  +0.110  -0.177  -0.035  -0.008  +0.048  +0.000  -0.031  +0.282  +1.000  +0.104   +0.255   +0.247   +0.181   +0.147   +0.177   +0.151  +0.240  +0.183  +0.114
                         :    MTvl2:  +0.012  -0.000  +0.078  +0.322  +0.001  -0.025  -0.001  -0.008  +0.335  +0.078  +0.082  +0.059  +0.032  -0.213  -0.061  +0.004  +0.197  +0.104  +1.000   +0.172   +0.178   +0.086   +0.105   +0.111   +0.099  +0.140  +0.071  +0.133
                         : MllW_2jL:  -0.105  +0.045  +0.576  +0.510  +0.214  +0.276  +0.236  +0.196  -0.011  +0.358  +0.187  +0.158  +0.204  +0.015  +0.080  +0.133  +0.764  +0.255  +0.172   +1.000   +0.697   +0.854   +0.577   +0.774   +0.467  +0.838  +0.682  +0.518
                         : MllW_1jL:  +0.016  +0.099  +0.424  +0.539  +0.071  +0.064  +0.031  +0.050  +0.048  +0.497  +0.089  +0.098  +0.078  -0.021  +0.013  +0.062  +0.914  +0.247  +0.178   +0.697   +1.000   +0.352   +0.326   +0.394   +0.331  +0.568  +0.314  +0.286
                         : Ml1W_2jL:  -0.152  +0.009  +0.547  +0.275  +0.252  +0.311  +0.293  +0.225  -0.028  +0.100  +0.196  +0.189  +0.256  -0.002  +0.014  +0.018  +0.409  +0.181  +0.086   +0.854   +0.352   +1.000   +0.541   +0.600   +0.302  +0.736  +0.781  +0.328
                         : Ml1W_1jL:  +0.129  +0.031  +0.622  +0.295  +0.421  +0.290  +0.287  +0.369  -0.025  +0.159  +0.548  +0.005  +0.056  -0.030  +0.044  +0.025  +0.451  +0.147  +0.105   +0.577   +0.326   +0.541   +1.000   +0.366   +0.483  +0.582  +0.558  +0.252
                         : Ml2W_2jL:  -0.131  +0.042  +0.285  +0.366  +0.198  +0.306  +0.232  +0.195  -0.037  +0.175  +0.116  -0.026  +0.099  +0.053  +0.203  +0.267  +0.440  +0.177  +0.111   +0.774   +0.394   +0.600   +0.366   +1.000   +0.383  +0.637  +0.449  +0.672
                         : Ml2W_1jL:  +0.133  +0.017  +0.332  +0.453  +0.387  +0.283  +0.277  +0.349  -0.042  +0.174  +0.061  +0.062  +0.084  +0.505  +0.003  +0.081  +0.437  +0.151  +0.099   +0.467   +0.331   +0.302   +0.483   +0.383   +1.000  +0.435  +0.239  +0.474
                         :  MllW1_H:  +0.061  +0.032  +0.620  +0.427  +0.234  +0.282  +0.252  +0.259  -0.024  +0.229  +0.231  +0.183  +0.206  +0.042  +0.094  +0.145  +0.625  +0.240  +0.140   +0.838   +0.568   +0.736   +0.582   +0.637   +0.435  +1.000  +0.892  +0.645
                         :  Ml1W1_H:  +0.055  +0.001  +0.613  +0.218  +0.241  +0.278  +0.284  +0.267  -0.025  +0.059  +0.252  +0.214  +0.235  -0.029  +0.008  +0.030  +0.364  +0.183  +0.071   +0.682   +0.314   +0.781   +0.558   +0.449   +0.239  +0.892  +1.000  +0.344
                         :  Ml2W1_H:  +0.023  +0.027  +0.200  +0.411  +0.156  +0.225  +0.136  +0.176  -0.065  +0.047  +0.066  +0.007  +0.073  +0.193  +0.257  +0.307  +0.314  +0.114  +0.133   +0.518   +0.286   +0.328   +0.252   +0.672   +0.474  +0.645  +0.344  +1.000
                         : -----------------------------------------------------------------------------------------------------------------------------------------------------------------------------------------------------------------------------------------------
DataSetFactory           : [dataset] :  
                         : 
Factory                  : [1mTrain all methods[0m
Factory                  : [dataset] : Create Transformation "I" with events from all classes.
                         : 
                         : Transformation, Variable selection : 
                         : Input : variable 'Nj' <---> Output : variable 'Nj'
                         : Input : variable 'Nb' <---> Output : variable 'Nb'
                         : Input : variable 'Ptl1' <---> Output : variable 'Ptl1'
                         : Input : variable 'Ptl2' <---> Output : variable 'Ptl2'
                         : Input : variable 'Ptj1' <---> Output : variable 'Ptj1'
                         : Input : variable 'Ptj2' <---> Output : variable 'Ptj2'
                         : Input : variable 'Ptj3' <---> Output : variable 'Ptj3'
                         : Input : variable 'HT' <---> Output : variable 'HT'
                         : Input : variable 'MET2HT' <---> Output : variable 'MET2HT'
                         : Input : variable 'dRll' <---> Output : variable 'dRll'
                         : Input : variable 'dRlj11' <---> Output : variable 'dRlj11'
                         : Input : variable 'dRlj12' <---> Output : variable 'dRlj12'
                         : Input : variable 'dRlj13' <---> Output : variable 'dRlj13'
                         : Input : variable 'dRlj21' <---> Output : variable 'dRlj21'
                         : Input : variable 'dRlj22' <---> Output : variable 'dRlj22'
                         : Input : variable 'dRlj23' <---> Output : variable 'dRlj23'
                         : Input : variable 'MSSSF' <---> Output : variable 'MSSSF'
                         : Input : variable 'MTvl1' <---> Output : variable 'MTvl1'
                         : Input : variable 'MTvl2' <---> Output : variable 'MTvl2'
                         : Input : variable 'MllW_2jL' <---> Output : variable 'MllW_2jL'
                         : Input : variable 'MllW_1jL' <---> Output : variable 'MllW_1jL'
                         : Input : variable 'Ml1W_2jL' <---> Output : variable 'Ml1W_2jL'
                         : Input : variable 'Ml1W_1jL' <---> Output : variable 'Ml1W_1jL'
                         : Input : variable 'Ml2W_2jL' <---> Output : variable 'Ml2W_2jL'
                         : Input : variable 'Ml2W_1jL' <---> Output : variable 'Ml2W_1jL'
                         : Input : variable 'MllW1_H' <---> Output : variable 'MllW1_H'
                         : Input : variable 'Ml1W1_H' <---> Output : variable 'Ml1W1_H'
                         : Input : variable 'Ml2W1_H' <---> Output : variable 'Ml2W1_H'
TFHandler_Factory        : Variable        Mean        RMS   [        Min        Max ]
                         : -----------------------------------------------------------
                         :       Nj:     4.1701     1.1731   [     3.0000     11.000 ]
                         :       Nb:     1.3317    0.51909   [     1.0000     4.0000 ]
                         :     Ptl1:     65.552     37.340   [     25.012     590.20 ]
                         :     Ptl2:     29.518     15.376   [     15.006     204.67 ]
                         :     Ptj1:     117.61     67.704   [     26.692     959.44 ]
                         :     Ptj2:     76.635     39.762   [     25.255     774.79 ]
                         :     Ptj3:     52.302     24.524   [     25.001     267.19 ]
                         :       HT:     293.04     152.49   [     78.884     1765.4 ]
                         :   MET2HT:     20.810     33.196   [  0.0043733     903.89 ]
                         :     dRll:     1.9318    0.87377   [    0.29735     5.1184 ]
                         :   dRlj11:     2.4248    0.84999   [    0.40726     5.2991 ]
                         :   dRlj12:     2.2005    0.87295   [    0.40266     5.3065 ]
                         :   dRlj13:     2.2205    0.85014   [    0.40057     5.1980 ]
                         :   dRlj21:     2.2821    0.85574   [    0.40081     5.2867 ]
                         :   dRlj22:     2.1722    0.86200   [    0.40001     5.4821 ]
                         :   dRlj23:     2.2218    0.88518   [    0.40098     5.5478 ]
                         :    MSSSF:     74.642     52.421   [     8.9483     737.56 ]
                         :    MTvl1:     73.562     52.382   [  0.0052341     814.33 ]
                         :    MTvl2:     49.456     33.422   [  0.0010904     322.69 ]
                         : MllW_2jL:     210.43     80.823   [     66.888     1095.4 ]
                         : MllW_1jL:     92.904     46.117   [     15.813     737.56 ]
                         : Ml1W_2jL:     163.10     66.574   [     34.795     941.54 ]
                         : Ml1W_1jL:     144.40     125.14   [     12.391     1590.8 ]
                         : Ml2W_2jL:     130.66     52.947   [     26.202     666.94 ]
                         : Ml2W_1jL:     93.451     77.765   [     10.280     1150.9 ]
                         :  MllW1_H:     255.33     107.06   [     99.416     1331.6 ]
                         :  Ml1W1_H:     203.35     93.856   [     56.576     1269.1 ]
                         :  Ml2W1_H:     150.43     56.749   [     49.013     1009.6 ]
                         : -----------------------------------------------------------
                         : [32m
                         : <PlotVariables> Will not produce scatter plots ==> 
                         : |  The number of 28 input variables and 0 target values would require 378 two-dimensional
                         : |  histograms, which would occupy the computer's memory. Note that this
                         : |  suppression does not have any consequences for your analysis, other
                         : |  than not disposing of these scatter plots. You can modify the maximum
                         : |  number of input variables allowed to generate scatter plots in your
                         : |  script via the command line:
                         : |  "(TMVA::gConfig().GetVariablePlotting()).fMaxNumOfAllowedVariablesForScatterPlots = <some int>;"[0m
                         : 
                         : Some more output
                         : Ranking input variables (method unspecific)...
IdTransformation         : Ranking result (top variable is best ranked)
                         : ---------------------------------
                         : Rank : Variable  : Separation
                         : ---------------------------------
                         :    1 : MSSSF     : 3.143e-01
                         :    2 : MllW_1jL  : 1.753e-01
                         :    3 : dRll      : 1.375e-01
                         :    4 : MET2HT    : 1.329e-01
                         :    5 : Ml2W_1jL  : 8.891e-02
                         :    6 : Nb        : 7.666e-02
                         :    7 : MllW_2jL  : 7.429e-02
                         :    8 : Ml1W_1jL  : 6.961e-02
                         :    9 : MllW1_H   : 4.128e-02
                         :   10 : Ptj3      : 3.827e-02
                         :   11 : Nj        : 3.307e-02
                         :   12 : HT        : 3.189e-02
                         :   13 : Ml1W_2jL  : 2.926e-02
                         :   14 : Ml2W_2jL  : 2.817e-02
                         :   15 : MTvl2     : 2.785e-02
                         :   16 : MTvl1     : 2.606e-02
                         :   17 : dRlj23    : 2.539e-02
                         :   18 : dRlj21    : 2.436e-02
                         :   19 : Ptj2      : 2.287e-02
                         :   20 : dRlj11    : 1.948e-02
                         :   21 : dRlj12    : 1.936e-02
                         :   22 : dRlj22    : 1.775e-02
                         :   23 : Ptl1      : 1.680e-02
                         :   24 : Ptj1      : 1.648e-02
                         :   25 : Ptl2      : 1.548e-02
                         :   26 : Ml1W1_H   : 1.487e-02
                         :   27 : dRlj13    : 1.375e-02
                         :   28 : Ml2W1_H   : 1.364e-02
                         : ---------------------------------
Factory                  : Train method: BDTG for Classification
                         : 
<WARNING>                : Events with negative event weights are USED during the BDT training. This might cause problems with small node sizes or with the boosting. Please remove negative events from training using the option *IgnoreEventsWithNegWeightsInTraining* in case you observe problems with the boosting
BDTG                     : #events: (reweighted) sig: 6045 bkg: 6045
                         : #events: (unweighted) sig: 10724 bkg: 1366
                         : Training 100 Decision Trees ... patience please
                         : Elapsed time for training with 12090 events: [1;31m0.921 sec[0m         
BDTG                     : [dataset] : Evaluation of BDTG on training sample (12090 events)
                         : Elapsed time for evaluation of 12090 events: [1;31m0.0384 sec[0m       
                         : Creating xml weight file: [0;36mdataset/weights/TMVAClassification_MN20_El_BDTG.weights.xml[0m
                         : Creating standalone class: [0;36mdataset/weights/TMVAClassification_MN20_El_BDTG.class.C[0m
                         : TMVA_MN20_El.root:/dataset/Method_BDT/BDTG
Factory                  : Training finished
                         : 
                         : Ranking input variables (method specific)...
BDTG                     : Ranking result (top variable is best ranked)
                         : ------------------------------------------
                         : Rank : Variable  : Variable Importance
                         : ------------------------------------------
                         :    1 : MSSSF     : 9.129e-02
                         :    2 : MET2HT    : 6.363e-02
                         :    3 : Ml2W_1jL  : 5.619e-02
                         :    4 : Nb        : 5.426e-02
                         :    5 : MllW_1jL  : 5.225e-02
                         :    6 : dRll      : 4.886e-02
                         :    7 : dRlj22    : 4.294e-02
                         :    8 : Ptl1      : 4.170e-02
                         :    9 : Ptl2      : 4.014e-02
                         :   10 : Ptj3      : 3.902e-02
                         :   11 : Ml2W1_H   : 3.709e-02
                         :   12 : dRlj12    : 3.652e-02
                         :   13 : dRlj13    : 3.515e-02
                         :   14 : dRlj21    : 3.365e-02
                         :   15 : Ml1W_1jL  : 2.988e-02
                         :   16 : MTvl1     : 2.954e-02
                         :   17 : Ptj1      : 2.788e-02
                         :   18 : dRlj23    : 2.737e-02
                         :   19 : Ml2W_2jL  : 2.603e-02
                         :   20 : MllW_2jL  : 2.517e-02
                         :   21 : Nj        : 2.504e-02
                         :   22 : dRlj11    : 2.426e-02
                         :   23 : MTvl2     : 2.359e-02
                         :   24 : Ml1W_2jL  : 2.054e-02
                         :   25 : MllW1_H   : 1.966e-02
                         :   26 : Ml1W1_H   : 1.949e-02
                         :   27 : HT        : 1.628e-02
                         :   28 : Ptj2      : 1.257e-02
                         : ------------------------------------------
Factory                  : === Destroy and recreate all methods via weight files for testing ===
                         : 
                         : Reading weight file: [0;36mdataset/weights/TMVAClassification_MN20_El_BDTG.weights.xml[0m
Factory                  : [1mTest all methods[0m
Factory                  : Test method: BDTG for Classification performance
                         : 
BDTG                     : [dataset] : Evaluation of BDTG on testing sample (12090 events)
                         : Elapsed time for evaluation of 12090 events: [1;31m0.0335 sec[0m       
Factory                  : [1mEvaluate all methods[0m
Factory                  : Evaluate classifier: BDTG
                         : 
BDTG                     : [dataset] : Loop over test events and fill histograms with classifier response...
                         : 
TFHandler_BDTG           : Variable        Mean        RMS   [        Min        Max ]
                         : -----------------------------------------------------------
                         :       Nj:     4.2157     1.2072   [     3.0000     12.000 ]
                         :       Nb:     1.3721    0.54305   [     1.0000     5.0000 ]
                         :     Ptl1:     65.129     36.725   [     25.001     424.48 ]
                         :     Ptl2:     30.572     16.632   [     15.000     223.65 ]
                         :     Ptj1:     117.96     64.008   [     27.147     1042.0 ]
                         :     Ptj2:     77.841     39.900   [     25.283     540.10 ]
                         :     Ptj3:     53.550     26.325   [     25.000     373.18 ]
                         :       HT:     297.83     154.89   [     79.842     1836.0 ]
                         :   MET2HT:     18.641     29.101   [  0.0014233     1444.4 ]
                         :     dRll:     1.9047    0.84162   [    0.30596     5.2233 ]
                         :   dRlj11:     2.3978    0.84358   [    0.40250     5.3635 ]
                         :   dRlj12:     2.1862    0.86812   [    0.40032     5.1956 ]
                         :   dRlj13:     2.2085    0.85151   [    0.40192     5.4077 ]
                         :   dRlj21:     2.2920    0.84513   [    0.40195     5.5415 ]
                         :   dRlj22:     2.1762    0.88600   [    0.40013     5.5420 ]
                         :   dRlj23:     2.1815    0.87612   [    0.40142     5.1562 ]
                         :    MSSSF:     73.912     54.677   [     7.4647     933.15 ]
                         :    MTvl1:     73.113     50.168   [  0.0047924     655.20 ]
                         :    MTvl2:     50.185     33.533   [  0.0017287     369.94 ]
                         : MllW_2jL:     208.67     80.536   [     70.167     1011.6 ]
                         : MllW_1jL:     91.196     49.300   [     14.486     933.15 ]
                         : Ml1W_2jL:     161.04     63.980   [     33.958     758.45 ]
                         : Ml1W_1jL:     139.42     121.18   [     13.221     1430.5 ]
                         : Ml2W_2jL:     131.29     52.398   [     30.505     605.33 ]
                         : Ml2W_1jL:     93.670     75.944   [     9.8691     1150.2 ]
                         :  MllW1_H:     255.03     110.35   [     92.042     1517.9 ]
                         :  Ml1W1_H:     203.00     94.661   [     44.793     1442.4 ]
                         :  Ml2W1_H:     152.15     58.555   [     45.883     812.48 ]
                         : -----------------------------------------------------------
                         : [32m
                         : <PlotVariables> Will not produce scatter plots ==> 
                         : |  The number of 28 input variables and 0 target values would require 378 two-dimensional
                         : |  histograms, which would occupy the computer's memory. Note that this
                         : |  suppression does not have any consequences for your analysis, other
                         : |  than not disposing of these scatter plots. You can modify the maximum
                         : |  number of input variables allowed to generate scatter plots in your
                         : |  script via the command line:
                         : |  "(TMVA::gConfig().GetVariablePlotting()).fMaxNumOfAllowedVariablesForScatterPlots = <some int>;"[0m
                         : 
                         : Some more output
                         : 
                         : Evaluation results ranked by best signal efficiency and purity (area)
                         : -------------------------------------------------------------------------------------------------------------------
                         : DataSet       MVA                       
                         : Name:         Method:          ROC-integ
                         : dataset       BDTG           : 0.885
                         : -------------------------------------------------------------------------------------------------------------------
                         : 
                         : Testing efficiency compared to training efficiency (overtraining check)
                         : -------------------------------------------------------------------------------------------------------------------
                         : DataSet              MVA              Signal efficiency: from test sample (from training sample) 
                         : Name:                Method:          @B=0.01             @B=0.10            @B=0.30   
                         : -------------------------------------------------------------------------------------------------------------------
                         : dataset              BDTG           : 0.154 (0.323)       0.666 (0.760)      0.891 (0.909)
                         : -------------------------------------------------------------------------------------------------------------------
                         : 
Dataset:dataset          : Created tree 'TestTree' with 12090 events
                         : 
Dataset:dataset          : Created tree 'TrainTree' with 12090 events
                         : 
Factory                  : [1mThank you for using TMVA![0m
                         : [1mFor citation information, please visit: http://tmva.sf.net/citeTMVA.html[0m
==> Wrote root file: TMVA_MN20_El.root
==> TMVAClassification is done!
--- Launch TMVA GUI to view input file: TMVA_MN20_El.root
=== Note: inactive buttons indicate classifiers that were not trained, ===
===       or functionalities that were not invoked during the training ===
--- Opening root file TMVA_MN20_El.root in read mode
--- Found directory for method: BDT::BDTG containing MVA_BDTG_S/_B
--- Mean and RMS (S): 0.484484, 0.444666
--- Mean and RMS (B): -0.399693, 0.524973
--- Found comparison histograms for overtraining check
--- Perform Kolmogorov-Smirnov tests
--- Goodness of signal (background) consistency: 0.787 (0.006)
MN:50
==> Start TMVAClassification
DataSetInfo              : [dataset] : Added class "Signal"
                         : Add Tree Tree_ee of type Signal with 31131 events
DataSetInfo              : [dataset] : Added class "Background"
                         : Add Tree Tree_ee of type Background with 2732 events
!H:!V:BoostType=Grad:NTrees=120:MinNodeSize=10%:Shrinkage=0.1:UseBaggedBoost:BaggedSampleFraction=0.5:nCuts=100:MaxDepth=2
Factory                  : Booking method: [1mBDTG[0m
                         : 
                         : the option NegWeightTreatment=InverseBoostNegWeights does not exist for BoostType=Grad
                         : --> change to new default NegWeightTreatment=Pray
                         : Building event vectors for type 2 Signal
                         : Dataset[dataset] :  create input formulas for tree Tree_ee
                         : Dataset[dataset] :  create input formulas for tree Tree_ee
                         : Dataset[dataset] :  create input formulas for tree Tree_ee
                         : Dataset[dataset] :  create input formulas for tree Tree_ee
                         : Dataset[dataset] :  create input formulas for tree Tree_ee
                         : Building event vectors for type 2 Background
                         : Dataset[dataset] :  create input formulas for tree Tree_ee
                         : Dataset[dataset] :  create input formulas for tree Tree_ee
                         : Dataset[dataset] :  create input formulas for tree Tree_ee
DataSetFactory           : [dataset] : Number of events in input trees
                         : 
                         : 
