running: POGTightWithTightIso_Central/ZCand_Mass_POGTightWithTightIso_Central
[#0] ERROR:InputArguments -- RooUniformBinning::setRange: ERROR low bound > high bound
[#0] WARNING:InputArguments -- RooRealVar::setRange(ARO): Proposed new fit max. smaller than min., setting max. to min.
[#1] INFO:Eval -- RooRealVar::setRange(x_c) new range named 'central' created with bounds [0,2]
[#1] INFO:Eval -- RooRealVar::setRange(x_u) new range named 'up' created with bounds [0,2]
[#1] INFO:Eval -- RooRealVar::setRange(x_d) new range named 'down' created with bounds [0,2]
[#1] INFO:Eval -- RooRealVar::setRange(x_o) new range named 'obs' created with bounds [0,2]
[#1] INFO:DataHandling -- RooDataHist::adjustBinning(dh_data): fit range of variable x_o expanded to nearest bin boundaries: [0,2] --> [71,72]
[#1] INFO:Fitting -- RooAbsOptTestStatistic::ctor(nll_DSCB_c_dh_central) constructing test statistic for sub-range named central
[#1] INFO:Eval -- RooRealVar::setRange(x_c) new range named 'NormalizationRangeForcentral' created with bounds [0,2]
[#1] INFO:Eval -- RooRealVar::setRange(x_c) new range named 'fit_nll_DSCB_c_dh_central' created with bounds [0,2]
[#1] INFO:Fitting -- RooAbsOptTestStatistic::ctor(nll_DSCB_c_dh_central) fixing interpretation of coefficients of any RooAddPdf to full domain of observables 
[#1] INFO:Minization -- RooMinimizer::optimizeConst: activating const optimization
 **********
 **    1 **SET PRINT           1
 **********
 **********
 **    2 **SET NOGRAD
 **********
 PARAMETER DEFINITIONS:
    NO.   NAME         VALUE      STEP SIZE      LIMITS
     1 ALC          1.00000e+00  4.99500e-01    1.00000e-03  1.00000e+01
     2 ARC          1.00000e+00  4.99500e-01    1.00000e-03  1.00000e+01
     3 NLC          1.50500e+00  2.99000e-01    1.00000e-02  3.00000e+00
     4 NRC          1.50500e+00  2.99000e-01    1.00000e-02  3.00000e+00
     5 mean_c       8.00000e-01  1.00000e-01    5.00000e-01  1.50000e+00
     6 sigma_c      2.00000e-01  4.90000e-02    1.00000e-02  5.00000e-01
 **********
 **    3 **SET ERR         0.5
 **********
 **********
 **    4 **SET PRINT           1
 **********
 **********
 **    5 **SET STR           1
 **********
 NOW USING STRATEGY  1: TRY TO BALANCE SPEED AGAINST RELIABILITY
 **********
 **    6 **MIGRAD        3000           1
 **********
 FIRST CALL TO USER FUNCTION AT NEW START POINT, WITH IFLAG=4.
 START MIGRAD MINIMIZATION.  STRATEGY  1.  CONVERGENCE WHEN EDM .LT. 1.00e-03
 FCN=741.701 FROM MIGRAD    STATUS=INITIATE       24 CALLS          25 TOTAL
                     EDM= unknown      STRATEGY= 1      NO ERROR MATRIX       
  EXT PARAMETER               CURRENT GUESS       STEP         FIRST   
  NO.   NAME      VALUE            ERROR          SIZE      DERIVATIVE 
   1  ALC          1.00000e+00   4.99500e-01   1.72100e-01  -1.08118e+03
   2  ARC          1.00000e+00   4.99500e-01   1.72100e-01   1.01049e+03
   3  NLC          1.50500e+00   2.99000e-01   2.01358e-01  -8.09496e+01
   4  NRC          1.50500e+00   2.99000e-01   2.01358e-01   4.64631e+01
   5  mean_c       8.00000e-01   1.00000e-01   2.21072e-01  -2.30566e+03
   6  sigma_c      2.00000e-01   4.90000e-02   2.06953e-01  -2.60814e+02
                               ERR DEF= 0.5
 MIGRAD MINIMIZATION HAS CONVERGED.
 MIGRAD WILL VERIFY CONVERGENCE AND ERROR MATRIX.
 COVARIANCE MATRIX CALCULATED SUCCESSFULLY
 FCN=-248.43 FROM MIGRAD    STATUS=CONVERGED     369 CALLS         370 TOTAL
                     EDM=2.00935e-06    STRATEGY= 1      ERROR MATRIX ACCURATE 
  EXT PARAMETER                                   STEP         FIRST   
  NO.   NAME      VALUE            ERROR          SIZE      DERIVATIVE 
   1  ALC          2.37057e+00   1.57517e-01   3.79171e-04   1.52592e-02
   2  ARC          1.30029e+00   1.22208e-01   1.44023e-04   7.77712e-04
   3  NLC          3.00000e+00   5.19856e-01   9.33020e-03** at limit **
   4  NRC          1.42574e+00   3.38840e-01   9.93191e-04   2.03259e-03
   5  mean_c       1.01366e+00   5.24740e-03   9.22117e-05  -3.19930e-02
   6  sigma_c      1.48196e-01   4.61139e-03   1.77108e-04   1.04919e-02
                               ERR DEF= 0.5
 EXTERNAL ERROR MATRIX.    NDIM=  25    NPAR=  6    ERR DEF=0.5
  2.482e-02  2.428e-03  5.890e-07 -3.925e-03 -4.936e-05  2.289e-04 
  2.428e-03  1.494e-02 -5.068e-09 -3.780e-02 -2.912e-04  2.418e-04 
  5.890e-07 -5.068e-09  1.635e-06  8.110e-09  4.854e-11 -5.712e-10 
 -3.925e-03 -3.780e-02  8.110e-09  1.168e-01  5.509e-04 -4.251e-04 
 -4.936e-05 -2.912e-04  4.854e-11  5.509e-04  2.754e-05 -1.205e-05 
  2.289e-04  2.418e-04 -5.712e-10 -4.251e-04 -1.205e-05  2.127e-05 
 PARAMETER  CORRELATION COEFFICIENTS  
       NO.  GLOBAL      1      2      3      4      5      6
        1  0.33658   1.000  0.126  0.003 -0.073 -0.060  0.315
        2  0.93156   0.126  1.000 -0.000 -0.905 -0.454  0.429
        3  0.00314   0.003 -0.000  1.000  0.000  0.000 -0.000
        4  0.91715  -0.073 -0.905  0.000  1.000  0.307 -0.270
        5  0.59193  -0.060 -0.454  0.000  0.307  1.000 -0.498
        6  0.62959   0.315  0.429 -0.000 -0.270 -0.498  1.000
 **********
 **    7 **SET ERR         0.5
 **********
 **********
 **    8 **SET PRINT           1
 **********
 **********
 **    9 **HESSE        3000
 **********
 COVARIANCE MATRIX CALCULATED SUCCESSFULLY
 FCN=-248.43 FROM HESSE     STATUS=OK             40 CALLS         410 TOTAL
                     EDM=2.01438e-06    STRATEGY= 1      ERROR MATRIX ACCURATE 
  EXT PARAMETER                                INTERNAL      INTERNAL  
  NO.   NAME      VALUE            ERROR       STEP SIZE       VALUE   
   1  ALC          2.37057e+00   1.57492e-01   7.58342e-05  -5.53935e-01
   2  ARC          1.30029e+00   1.22513e-01   5.76091e-06  -8.33244e-01
   3  NLC          3.00000e+00   5.19866e-01   1.86604e-03   1.56980e+00
                                 WARNING -   - ABOVE PARAMETER IS AT LIMIT.
   4  NRC          1.42574e+00   3.39749e-01   1.98638e-04  -6.33623e+00
   5  mean_c       1.01366e+00   5.24893e-03   1.84423e-05   3.11427e+00
   6  sigma_c      1.48196e-01   4.61123e-03   3.54216e-05  -4.51078e-01
                               ERR DEF= 0.5
 EXTERNAL ERROR MATRIX.    NDIM=  25    NPAR=  6    ERR DEF=0.5
  2.482e-02  2.431e-03 -9.837e-09 -3.939e-03 -4.944e-05  2.286e-04 
  2.431e-03  1.502e-02  2.146e-10 -3.802e-02 -2.921e-04  2.424e-04 
 -9.837e-09  2.146e-10  1.635e-06 -4.557e-10 -3.421e-12  1.207e-11 
 -3.939e-03 -3.802e-02 -4.557e-10  1.175e-01  5.538e-04 -4.268e-04 
 -4.944e-05 -2.921e-04 -3.421e-12  5.538e-04  2.755e-05 -1.206e-05 
  2.286e-04  2.424e-04  1.207e-11 -4.268e-04 -1.206e-05  2.127e-05 
 PARAMETER  CORRELATION COEFFICIENTS  
       NO.  GLOBAL      1      2      3      4      5      6
        1  0.33616   1.000  0.126 -0.000 -0.073 -0.060  0.315
        2  0.93191   0.126  1.000  0.000 -0.905 -0.454  0.429
        3  0.00005  -0.000  0.000  1.000 -0.000 -0.000  0.000
        4  0.91762  -0.073 -0.905 -0.000  1.000  0.308 -0.270
        5  0.59225  -0.060 -0.454 -0.000  0.308  1.000 -0.498
        6  0.62956   0.315  0.429  0.000 -0.270 -0.498  1.000
[#1] INFO:Fitting -- RooAbsPdf::fitTo(DSCB_c) Calculating sum-of-weights-squared correction matrix for covariance matrix
 **********
 **   10 **SET ERR         0.5
 **********
 **********
 **   11 **SET PRINT           1
 **********
 **********
 **   12 **HESSE        3000
 **********
 COVARIANCE MATRIX CALCULATED SUCCESSFULLY
 FCN=-74.7451 FROM HESSE     STATUS=OK             52 CALLS         462 TOTAL
                     EDM=0.498386    STRATEGY= 1      ERROR MATRIX ACCURATE 
  EXT PARAMETER                                INTERNAL      INTERNAL  
  NO.   NAME      VALUE            ERROR       STEP SIZE       VALUE   
   1  ALC          2.37057e+00   2.86995e-01   1.54702e-03  -5.53935e-01
   2  ARC          1.30029e+00   2.17108e-01   1.17523e-04  -8.33244e-01
   3  NLC          3.00000e+00   2.23932e+00   3.80672e-02   1.56980e+00
                                 WARNING -   - ABOVE PARAMETER IS AT LIMIT.
   4  NRC          1.42574e+00   5.86931e-01   4.05222e-03  -6.33623e+00
   5  mean_c       1.01366e+00   9.21931e-03   3.76224e-04   3.11427e+00
   6  sigma_c      1.48196e-01   8.10190e-03   7.22601e-04  -4.51078e-01
                               ERR DEF= 0.5
 EXTERNAL ERROR MATRIX.    NDIM=  25    NPAR=  6    ERR DEF=0.5
  8.249e-02  8.572e-03  9.413e-06 -1.402e-02 -1.360e-04  8.016e-04 
  8.572e-03  4.720e-02 -9.359e-08 -1.185e-01 -9.221e-04  7.735e-04 
  9.413e-06 -9.359e-08  5.416e-06  1.506e-07  5.031e-10 -9.825e-09 
 -1.402e-02 -1.185e-01  1.506e-07  3.639e-01  1.755e-03 -1.371e-03 
 -1.360e-04 -9.221e-04  5.031e-10  1.755e-03  8.501e-05 -3.501e-05 
  8.016e-04  7.735e-04 -9.825e-09 -1.371e-03 -3.501e-05  6.567e-05 
 PARAMETER  CORRELATION COEFFICIENTS  
       NO.  GLOBAL      1      2      3      4      5      6
        1  0.36855   1.000  0.137  0.014 -0.081 -0.051  0.344
        2  0.93179   0.137  1.000 -0.000 -0.904 -0.460  0.439
        3  0.01539   0.014 -0.000  1.000  0.000  0.000 -0.001
        4  0.91659  -0.081 -0.904  0.000  1.000  0.316 -0.280
        5  0.57959  -0.051 -0.460  0.000  0.316  1.000 -0.469
        6  0.62970   0.344  0.439 -0.001 -0.280 -0.469  1.000
[#1] INFO:Minization -- RooMinimizer::optimizeConst: deactivating const optimization
[#1] INFO:Fitting -- RooAbsOptTestStatistic::ctor(nll_DSCB_u_dh_up) constructing test statistic for sub-range named up
[#1] INFO:Eval -- RooRealVar::setRange(x_u) new range named 'NormalizationRangeForup' created with bounds [0,2]
[#1] INFO:Eval -- RooRealVar::setRange(x_u) new range named 'fit_nll_DSCB_u_dh_up' created with bounds [0,2]
[#1] INFO:Fitting -- RooAbsOptTestStatistic::ctor(nll_DSCB_u_dh_up) fixing interpretation of coefficients of any RooAddPdf to full domain of observables 
[#1] INFO:Minization -- RooMinimizer::optimizeConst: activating const optimization
 **********
 **   13 **SET PRINT           1
 **********
 **********
 **   14 **SET NOGRAD
 **********
 PARAMETER DEFINITIONS:
    NO.   NAME         VALUE      STEP SIZE      LIMITS
     1 ALU          1.00000e+00  4.99500e-01    1.00000e-03  1.00000e+01
     2 ARU          1.00000e+00  4.99500e-01    1.00000e-03  1.00000e+01
     3 NLU          1.50500e+00  2.99000e-01    1.00000e-02  3.00000e+00
     4 NRU          1.50500e+00  2.99000e-01    1.00000e-02  3.00000e+00
     5 mean_u       8.00000e-01  1.00000e-01    5.00000e-01  1.50000e+00
     6 sigma_u      2.00000e-01  4.99000e-02    1.00000e-03  5.00000e-01
 **********
 **   15 **SET ERR         0.5
 **********
 **********
 **   16 **SET PRINT           1
 **********
 **********
 **   17 **SET STR           1
 **********
 NOW USING STRATEGY  1: TRY TO BALANCE SPEED AGAINST RELIABILITY
 **********
 **   18 **MIGRAD        3000           1
 **********
 FIRST CALL TO USER FUNCTION AT NEW START POINT, WITH IFLAG=4.
 START MIGRAD MINIMIZATION.  STRATEGY  1.  CONVERGENCE WHEN EDM .LT. 1.00e-03
 FCN=762.854 FROM MIGRAD    STATUS=INITIATE       24 CALLS          25 TOTAL
                     EDM= unknown      STRATEGY= 1      NO ERROR MATRIX       
  EXT PARAMETER               CURRENT GUESS       STEP         FIRST   
  NO.   NAME      VALUE            ERROR          SIZE      DERIVATIVE 
   1  ALU          1.00000e+00   4.99500e-01   1.72100e-01  -1.05328e+03
   2  ARU          1.00000e+00   4.99500e-01   1.72100e-01   1.09919e+03
   3  NLU          1.50500e+00   2.99000e-01   2.01358e-01  -7.86685e+01
   4  NRU          1.50500e+00   2.99000e-01   2.01358e-01   5.19565e+01
   5  mean_u       8.00000e-01   1.00000e-01   2.21072e-01  -2.28585e+03
   6  sigma_u      2.00000e-01   4.99000e-02   2.05869e-01  -3.00578e+02
                               ERR DEF= 0.5
 MIGRAD MINIMIZATION HAS CONVERGED.
 MIGRAD WILL VERIFY CONVERGENCE AND ERROR MATRIX.
 COVARIANCE MATRIX CALCULATED SUCCESSFULLY
 FCN=-261.269 FROM HESSE     STATUS=OK             40 CALLS         312 TOTAL
                     EDM=0.00961533    STRATEGY= 1      ERROR MATRIX ACCURATE 
  EXT PARAMETER                                   STEP         FIRST   
  NO.   NAME      VALUE            ERROR          SIZE      DERIVATIVE 
   1  ALU          2.89800e+00   3.01476e-01   6.63800e-04   1.58771e-01
   2  ARU          1.47729e+00   8.74879e-02   1.37697e-04   2.43994e-01
   3  NLU          2.86727e+00   2.90262e+00   2.48626e-02  -5.39074e-02
   4  NRU          1.07285e+00   2.25869e-01   8.78443e-04   2.83639e-02
   5  mean_u       1.02782e+00   4.38074e-03   9.35846e-05   1.19935e-01
   6  sigma_u      1.54483e-01   3.56161e-03   1.63666e-04   1.60128e-01
                               ERR DEF= 0.5
 MIGRAD MINIMIZATION HAS CONVERGED.
 FCN=-261.281 FROM MIGRAD    STATUS=CONVERGED     339 CALLS         340 TOTAL
                     EDM=5.18245e-05    STRATEGY= 1  ERROR MATRIX UNCERTAINTY   2.7 per cent
  EXT PARAMETER                                   STEP         FIRST   
  NO.   NAME      VALUE            ERROR          SIZE      DERIVATIVE 
   1  ALU          2.88411e+00   2.67133e-01   2.02462e-03   2.58190e-02
   2  ARU          1.47710e+00   8.74837e-02   3.99183e-06  -1.47452e-02
   3  NLU          2.99935e+00   2.95947e+00   2.01228e-02  -3.40557e-03
   4  NRU          1.07294e+00   2.25874e-01  -3.02589e-05  -1.74932e-03
   5  mean_u       1.02781e+00   4.38078e-03   1.92676e-06  -5.34932e-03
   6  sigma_u      1.54478e-01   3.56137e-03  -2.12299e-05  -1.04569e-02
                               ERR DEF= 0.5
 EXTERNAL ERROR MATRIX.    NDIM=  25    NPAR=  6    ERR DEF=0.5
  7.144e-02 -4.611e-05 -1.711e-03  8.601e-04 -1.063e-05  9.818e-05 
 -4.611e-05  7.655e-03 -4.620e-06 -1.711e-02 -8.288e-06 -2.542e-05 
 -1.711e-03 -4.620e-06  1.559e-02  3.166e-05 -1.495e-07  3.247e-06 
  8.601e-04 -1.711e-02  3.166e-05  5.145e-02  1.100e-04  1.281e-04 
 -1.063e-05 -8.288e-06 -1.495e-07  1.100e-04  1.919e-05  4.071e-06 
  9.818e-05 -2.542e-05  3.247e-06  1.281e-04  4.071e-06  1.268e-05 
 PARAMETER  CORRELATION COEFFICIENTS  
       NO.  GLOBAL      1      2      3      4      5      6
        1  0.12220   1.000 -0.002 -0.051  0.014 -0.009  0.103
        2  0.86642  -0.002  1.000 -0.000 -0.862 -0.022 -0.082
        3  0.05299  -0.051 -0.000  1.000  0.001 -0.000  0.007
        4  0.86984   0.014 -0.862  0.001  1.000  0.111  0.159
        5  0.29778  -0.009 -0.022 -0.000  0.111  1.000  0.261
        6  0.31797   0.103 -0.082  0.007  0.159  0.261  1.000
 **********
 **   19 **SET ERR         0.5
 **********
 **********
 **   20 **SET PRINT           1
 **********
 **********
 **   21 **HESSE        3000
 **********
 COVARIANCE MATRIX CALCULATED SUCCESSFULLY
 FCN=-261.281 FROM HESSE     STATUS=OK             40 CALLS         380 TOTAL
                     EDM=0.000103204    STRATEGY= 1      ERROR MATRIX ACCURATE 
  EXT PARAMETER                                INTERNAL      INTERNAL  
  NO.   NAME      VALUE            ERROR       STEP SIZE       VALUE   
   1  ALU          2.88411e+00   2.69415e-01   6.48693e-04  -4.37106e-01
   2  ARU          1.47710e+00   8.74593e-02   1.37602e-04  -7.82072e-01
   3  NLU          2.99935e+00   2.97904e+00   3.05860e-02   1.54124e+00
   4  NRU          1.07294e+00   2.25795e-01   8.73496e-04  -1.28596e+01
   5  mean_u       1.02781e+00   4.38015e-03   9.35714e-05   5.56482e-02
   6  sigma_u      1.54478e-01   3.55691e-03   1.63562e-04  -3.95055e-01
                               ERR DEF= 0.5
 EXTERNAL ERROR MATRIX.    NDIM=  25    NPAR=  6    ERR DEF=0.5
  7.267e-02 -5.376e-05 -6.938e-04  8.945e-04 -1.102e-05  1.019e-04 
 -5.376e-05  7.651e-03 -9.361e-07 -1.710e-02 -8.339e-06 -2.541e-05 
 -6.938e-04 -9.361e-07  1.690e-02  4.838e-06 -6.211e-08  5.677e-07 
  8.945e-04 -1.710e-02  4.838e-06  5.141e-02  1.101e-04  1.279e-04 
 -1.102e-05 -8.339e-06 -6.211e-08  1.101e-04  1.919e-05  4.070e-06 
  1.019e-04 -2.541e-05  5.677e-07  1.279e-04  4.070e-06  1.265e-05 
 PARAMETER  CORRELATION COEFFICIENTS  
       NO.  GLOBAL      1      2      3      4      5      6
        1  0.11559   1.000 -0.002 -0.020  0.015 -0.009  0.106
        2  0.86637  -0.002  1.000 -0.000 -0.862 -0.022 -0.082
        3  0.02012  -0.020 -0.000  1.000  0.000 -0.000  0.001
        4  0.86978   0.015 -0.862  0.000  1.000  0.111  0.159
        5  0.29813  -0.009 -0.022 -0.000  0.111  1.000  0.261
        6  0.31889   0.106 -0.082  0.001  0.159  0.261  1.000
[#1] INFO:Fitting -- RooAbsPdf::fitTo(DSCB_u) Calculating sum-of-weights-squared correction matrix for covariance matrix
 **********
 **   22 **SET ERR         0.5
 **********
 **********
 **   23 **SET PRINT           1
 **********
 **********
 **   24 **HESSE        3000
 **********
 COVARIANCE MATRIX CALCULATED SUCCESSFULLY
 FCN=-79.3343 FROM HESSE     STATUS=OK             56 CALLS         436 TOTAL
                     EDM=0.345485    STRATEGY= 1      ERROR MATRIX ACCURATE 
  EXT PARAMETER                                INTERNAL      INTERNAL  
  NO.   NAME      VALUE            ERROR       STEP SIZE       VALUE   
   1  ALU          2.88411e+00   4.81485e-01   1.32333e-02  -4.37106e-01
   2  ARU          1.47710e+00   1.47722e-01   2.80709e-03  -7.82072e-01
   3  NLU          2.99935e+00   2.44450e+00   5.00000e-01   1.54124e+00
   4  NRU          1.07294e+00   3.78289e-01   1.78193e-02  -1.28596e+01
   5  mean_u       1.02781e+00   7.73027e-03   1.90886e-03   5.56482e-02
   6  sigma_u      1.54478e-01   6.18542e-03   3.33667e-03  -3.95055e-01
                               ERR DEF= 0.5
 EXTERNAL ERROR MATRIX.    NDIM=  25    NPAR=  6    ERR DEF=0.5
  2.327e-01  1.076e-05  2.295e-02  2.103e-03 -3.611e-05  2.693e-04 
  1.076e-05  2.183e-02  9.958e-06 -4.786e-02  1.200e-06 -5.091e-05 
  2.295e-02  9.958e-06  3.793e-02 -1.314e-04  2.871e-06 -1.741e-05 
  2.103e-03 -4.786e-02 -1.314e-04  1.466e-01  2.891e-04  3.388e-04 
 -3.611e-05  1.200e-06  2.871e-06  2.891e-04  5.976e-05  1.146e-05 
  2.693e-04 -5.091e-05 -1.741e-05  3.388e-04  1.146e-05  3.827e-05 
 PARAMETER  CORRELATION COEFFICIENTS  
       NO.  GLOBAL      1      2      3      4      5      6
        1  0.26404   1.000  0.000  0.244  0.011 -0.010  0.090
        2  0.85162   0.000  1.000  0.000 -0.846  0.001 -0.056
        3  0.24736   0.244  0.000  1.000 -0.002  0.002 -0.014
        4  0.85508   0.011 -0.846 -0.002  1.000  0.098  0.143
        5  0.28220  -0.010  0.001  0.002  0.098  1.000  0.240
        6  0.29837   0.090 -0.056 -0.014  0.143  0.240  1.000
[#1] INFO:Minization -- RooMinimizer::optimizeConst: deactivating const optimization
[#1] INFO:Fitting -- RooAbsOptTestStatistic::ctor(nll_DSCB_d_dh_down) constructing test statistic for sub-range named down
[#1] INFO:Eval -- RooRealVar::setRange(x_d) new range named 'NormalizationRangeFordown' created with bounds [0,2]
[#1] INFO:Eval -- RooRealVar::setRange(x_d) new range named 'fit_nll_DSCB_d_dh_down' created with bounds [0,2]
[#1] INFO:Fitting -- RooAbsOptTestStatistic::ctor(nll_DSCB_d_dh_down) fixing interpretation of coefficients of any RooAddPdf to full domain of observables 
[#1] INFO:Minization -- RooMinimizer::optimizeConst: activating const optimization
 **********
 **   25 **SET PRINT           1
 **********
 **********
 **   26 **SET NOGRAD
 **********
 PARAMETER DEFINITIONS:
    NO.   NAME         VALUE      STEP SIZE      LIMITS
     1 ALD          1.00000e+00  4.99500e-01    1.00000e-03  1.00000e+01
     2 ARD          1.00000e+00  4.99500e-01    1.00000e-03  1.00000e+01
     3 NLD          1.50500e+00  2.99000e-01    1.00000e-02  3.00000e+00
     4 NRD          1.50500e+00  2.99000e-01    1.00000e-02  3.00000e+00
     5 mean_d       8.00000e-01  1.00000e-01    5.00000e-01  1.50000e+00
     6 sigma_d      2.00000e-01  4.90000e-02    1.00000e-02  5.00000e-01
 **********
 **   27 **SET ERR         0.5
 **********
 **********
 **   28 **SET PRINT           1
 **********
 **********
 **   29 **SET STR           1
 **********
 NOW USING STRATEGY  1: TRY TO BALANCE SPEED AGAINST RELIABILITY
 **********
 **   30 **MIGRAD        3000           1
 **********
 FIRST CALL TO USER FUNCTION AT NEW START POINT, WITH IFLAG=4.
 START MIGRAD MINIMIZATION.  STRATEGY  1.  CONVERGENCE WHEN EDM .LT. 1.00e-03
 FCN=656.745 FROM MIGRAD    STATUS=INITIATE       22 CALLS          23 TOTAL
                     EDM= unknown      STRATEGY= 1      NO ERROR MATRIX       
  EXT PARAMETER               CURRENT GUESS       STEP         FIRST   
  NO.   NAME      VALUE            ERROR          SIZE      DERIVATIVE 
   1  ALD          1.00000e+00   4.99500e-01   1.72100e-01  -1.05967e+03
   2  ARD          1.00000e+00   4.99500e-01   1.72100e-01   7.95007e+02
   3  NLD          1.50500e+00   2.99000e-01   2.01358e-01  -7.94442e+01
   4  NRD          1.50500e+00   2.99000e-01   2.01358e-01   3.30977e+01
   5  mean_d       8.00000e-01   1.00000e-01   2.21072e-01  -2.22021e+03
   6  sigma_d      2.00000e-01   4.90000e-02   2.06953e-01  -1.86756e+02
                               ERR DEF= 0.5
 MIGRAD MINIMIZATION HAS CONVERGED.
 MIGRAD WILL VERIFY CONVERGENCE AND ERROR MATRIX.
 COVARIANCE MATRIX CALCULATED SUCCESSFULLY
 FCN=-253.807 FROM MIGRAD    STATUS=CONVERGED     321 CALLS         322 TOTAL
                     EDM=1.00633e-05    STRATEGY= 1      ERROR MATRIX ACCURATE 
  EXT PARAMETER                                   STEP         FIRST   
  NO.   NAME      VALUE            ERROR          SIZE      DERIVATIVE 
   1  ALD          2.27961e+00   1.34679e-01   3.37416e-04   8.57947e-03
   2  ARD          1.41044e+00   1.09071e-01   1.39797e-04  -1.61850e-02
   3  NLD          3.00000e+00   5.52847e-01   9.73126e-03  -2.46835e-03
   4  NRD          1.13506e+00   2.45391e-01   7.96780e-04   4.30705e-03
   5  mean_d       9.99546e-01   4.70433e-03   9.11593e-05  -5.81184e-02
   6  sigma_d      1.45689e-01   4.13458e-03   1.77782e-04  -7.48398e-02
                               ERR DEF= 0.5
 EXTERNAL ERROR MATRIX.    NDIM=  25    NPAR=  6    ERR DEF=0.5
  1.814e-02  1.167e-03  9.574e-07 -1.255e-03  8.311e-06  1.507e-04 
  1.167e-03  1.190e-02 -1.267e-08 -2.412e-02  1.603e-04  1.307e-04 
  9.574e-07 -1.267e-08  6.722e-06  1.438e-08 -4.041e-12 -2.140e-09 
 -1.255e-03 -2.412e-02  1.438e-08  6.080e-02 -2.173e-04 -1.640e-04 
  8.311e-06  1.603e-04 -4.041e-12 -2.173e-04  2.213e-05  7.614e-06 
  1.507e-04  1.307e-04 -2.140e-09 -1.640e-04  7.614e-06  1.710e-05 
 PARAMETER  CORRELATION COEFFICIENTS  
       NO.  GLOBAL      1      2      3      4      5      6
        1  0.29157   1.000  0.079  0.003 -0.038  0.013  0.271
        2  0.91434   0.079  1.000 -0.000 -0.897  0.312  0.290
        3  0.00294   0.003 -0.000  1.000  0.000 -0.000 -0.000
        4  0.90531  -0.038 -0.897  0.000  1.000 -0.187 -0.161
        5  0.47518   0.013  0.312 -0.000 -0.187  1.000  0.391
        6  0.51667   0.271  0.290 -0.000 -0.161  0.391  1.000
 **********
 **   31 **SET ERR         0.5
 **********
 **********
 **   32 **SET PRINT           1
 **********
 **********
 **   33 **HESSE        3000
 **********
 COVARIANCE MATRIX CALCULATED SUCCESSFULLY
 FCN=-253.807 FROM HESSE     STATUS=OK             40 CALLS         362 TOTAL
                     EDM=1.00749e-05    STRATEGY= 1      ERROR MATRIX ACCURATE 
  EXT PARAMETER                                INTERNAL      INTERNAL  
  NO.   NAME      VALUE            ERROR       STEP SIZE       VALUE   
   1  ALD          2.27961e+00   1.34664e-01   6.74833e-05  -5.75475e-01
   2  ARD          1.41044e+00   1.09279e-01   2.79593e-05  -8.01046e-01
   3  NLD          3.00000e+00   5.52865e-01   1.94625e-03   1.56885e+00
   4  NRD          1.13506e+00   2.45909e-01   1.59356e-04  -2.50050e-01
   5  mean_d       9.99546e-01   4.70323e-03   1.82319e-05  -9.07750e-04
   6  sigma_d      1.45689e-01   4.13307e-03   3.55564e-05  -4.62479e-01
                               ERR DEF= 0.5
 EXTERNAL ERROR MATRIX.    NDIM=  25    NPAR=  6    ERR DEF=0.5
  1.814e-02  1.166e-03 -3.217e-07 -1.257e-03  8.210e-06  1.504e-04 
  1.166e-03  1.195e-02  4.260e-09 -2.423e-02  1.603e-04  1.307e-04 
 -3.217e-07  4.260e-09  6.722e-06 -4.875e-09  2.231e-12  7.181e-10 
 -1.257e-03 -2.423e-02 -4.875e-09  6.106e-02 -2.176e-04 -1.642e-04 
  8.210e-06  1.603e-04  2.231e-12 -2.176e-04  2.212e-05  7.602e-06 
  1.504e-04  1.307e-04  7.181e-10 -1.642e-04  7.602e-06  1.708e-05 
 PARAMETER  CORRELATION COEFFICIENTS  
       NO.  GLOBAL      1      2      3      4      5      6
        1  0.29122   1.000  0.079 -0.001 -0.038  0.013  0.270
        2  0.91468   0.079  1.000  0.000 -0.897  0.312  0.289
        3  0.00099  -0.001  0.000  1.000 -0.000  0.000  0.000
        4  0.90573  -0.038 -0.897 -0.000  1.000 -0.187 -0.161
        5  0.47480   0.013  0.312  0.000 -0.187  1.000  0.391
        6  0.51615   0.270  0.289  0.000 -0.161  0.391  1.000
[#1] INFO:Fitting -- RooAbsPdf::fitTo(DSCB_d) Calculating sum-of-weights-squared correction matrix for covariance matrix
 **********
 **   34 **SET ERR         0.5
 **********
 **********
 **   35 **SET PRINT           1
 **********
 **********
 **   36 **HESSE        3000
 **********
 COVARIANCE MATRIX CALCULATED SUCCESSFULLY
 FCN=-75.7341 FROM HESSE     STATUS=OK             52 CALLS         414 TOTAL
                     EDM=0.349126    STRATEGY= 1      ERROR MATRIX ACCURATE 
  EXT PARAMETER                                INTERNAL      INTERNAL  
  NO.   NAME      VALUE            ERROR       STEP SIZE       VALUE   
   1  ALD          2.27961e+00   2.41890e-01   1.37666e-03  -5.75475e-01
   2  ARD          1.41044e+00   1.96087e-01   5.70370e-04  -8.01046e-01
   3  NLD          3.00000e+00   2.51509e+00   3.97036e-02   1.56885e+00
   4  NRD          1.13506e+00   4.36156e-01   3.25086e-03  -2.50050e-01
   5  mean_d       9.99546e-01   8.33260e-03   3.71930e-04  -9.07750e-04
   6  sigma_d      1.45689e-01   7.33788e-03   7.25351e-04  -4.62479e-01
                               ERR DEF= 0.5
 EXTERNAL ERROR MATRIX.    NDIM=  25    NPAR=  6    ERR DEF=0.5
  5.858e-02  4.015e-03  2.743e-05 -4.410e-03  9.765e-06  5.140e-04 
  4.015e-03  3.849e-02 -4.908e-07 -7.805e-02  5.239e-04  4.306e-04 
  2.743e-05 -4.908e-07  3.208e-05  5.683e-07  3.380e-10 -7.777e-08 
 -4.410e-03 -7.805e-02  5.683e-07  1.963e-01 -7.237e-04 -5.487e-04 
  9.765e-06  5.239e-04  3.380e-10 -7.237e-04  6.944e-05  2.221e-05 
  5.140e-04  4.306e-04 -7.777e-08 -5.487e-04  2.221e-05  5.386e-05 
 PARAMETER  CORRELATION COEFFICIENTS  
       NO.  GLOBAL      1      2      3      4      5      6
        1  0.31197   1.000  0.085  0.020 -0.041  0.005  0.289
        2  0.91619   0.085  1.000 -0.000 -0.898  0.320  0.299
        3  0.02181   0.020 -0.000  1.000  0.000  0.000 -0.002
        4  0.90673  -0.041 -0.898  0.000  1.000 -0.196 -0.169
        5  0.46235   0.005  0.320  0.000 -0.196  1.000  0.363
        6  0.51401   0.289  0.299 -0.002 -0.169  0.363  1.000
[#1] INFO:Minization -- RooMinimizer::optimizeConst: deactivating const optimization
[#1] INFO:Fitting -- RooAbsOptTestStatistic::ctor(nll_DSCB_o_dh_data) constructing test statistic for sub-range named obs
[#1] INFO:Eval -- RooRealVar::setRange(x_o) new range named 'NormalizationRangeForobs' created with bounds [71,72]
[#1] INFO:Eval -- RooRealVar::setRange(x_o) new range named 'fit_nll_DSCB_o_dh_data' created with bounds [0,2]
[#1] INFO:Fitting -- RooAbsOptTestStatistic::ctor(nll_DSCB_o_dh_data) fixing interpretation of coefficients of any RooAddPdf to full domain of observables 
[#1] INFO:Minization -- RooMinimizer::optimizeConst: activating const optimization
[#1] INFO:Minization -- RooMinimizerFcn::synchronize: set of constant parameters changed, rerunning const optimizer
 **********
 **   37 **SET PRINT           1
 **********
 **********
 **   38 **SET NOGRAD
 **********
 PARAMETER DEFINITIONS:
    NO.   NAME         VALUE      STEP SIZE      LIMITS
     1 ALO          1.00000e+00  4.99500e-01    1.00000e-03  1.00000e+01
     2 ARO          1.00010e+01  1.00010e+00     no limits
 **********
 **   39 **FIX           2
 **********
 PARAMETER DEFINITIONS:
    NO.   NAME         VALUE      STEP SIZE      LIMITS
     3 NLO          1.50500e+00  2.99000e-01    1.00000e-02  3.00000e+00
     4 NRO          1.50500e+00  2.99000e-01    1.00000e-02  3.00000e+00
     5 mean_o       8.00000e-01  1.00000e-01    5.00000e-01  1.50000e+00
     6 sigma_o      2.00000e-01  4.90000e-02    1.00000e-02  5.00000e-01
 **********
 **   40 **SET ERR         0.5
 **********
 **********
 **   41 **SET PRINT           1
 **********
 **********
 **   42 **SET STR           1
 **********
 NOW USING STRATEGY  1: TRY TO BALANCE SPEED AGAINST RELIABILITY
 **********
 **   43 **MIGRAD        3000           1
 **********
 FIRST CALL TO USER FUNCTION AT NEW START POINT, WITH IFLAG=4.
 START MIGRAD MINIMIZATION.  STRATEGY  1.  CONVERGENCE WHEN EDM .LT. 1.00e-03
 FCN=0 FROM MIGRAD    STATUS=INITIATE      209 CALLS         210 TOTAL
                     EDM= unknown      STRATEGY= 1      NO ERROR MATRIX       
  EXT PARAMETER               CURRENT GUESS       STEP         FIRST   
  NO.   NAME      VALUE            ERROR          SIZE      DERIVATIVE 
   1  ALO          1.00000e+00   4.99500e-01   0.00000e+00   0.00000e+00
   2  ARO          1.00010e+01     fixed    
   3  NLO          1.50500e+00   2.99000e-01   0.00000e+00   0.00000e+00
   4  NRO          1.50500e+00   2.99000e-01   0.00000e+00   0.00000e+00
   5  mean_o       8.00000e-01   1.00000e-01   0.00000e+00   0.00000e+00
   6  sigma_o      2.00000e-01   4.90000e-02   0.00000e+00   0.00000e+00
                               ERR DEF= 0.5
 MIGRAD MINIMIZATION HAS CONVERGED.
 MIGRAD WILL VERIFY CONVERGENCE AND ERROR MATRIX.
 MINUIT WARNING IN HESSE
 ============== Second derivative zero for parameter1
  MNHESS FAILS AND WILL RETURN DIAGONAL MATRIX. 
 FCN=0 FROM HESSE     STATUS=FAILED          3 CALLS         213 TOTAL
                     EDM=0    STRATEGY= 1  ERROR MATRIX UNCERTAINTY 100.0 per cent
  EXT PARAMETER                APPROXIMATE        STEP         FIRST   
  NO.   NAME      VALUE            ERROR          SIZE      DERIVATIVE 
   1  ALO          1.00000e+00   2.52315e+00   0.00000e+00   0.00000e+00
   2  ARO          1.00010e+01     fixed    
   3  NLO          1.50500e+00   1.25800e+00   0.00000e+00   0.00000e+00
   4  NRO          1.50500e+00   1.25800e+00   0.00000e+00   0.00000e+00
   5  mean_o       8.00000e-01   3.85610e-01   0.00000e+00   0.00000e+00
   6  sigma_o      2.00000e-01   2.00898e-01   0.00000e+00   0.00000e+00
                               ERR DEF= 0.5
 MIGRAD MINIMIZATION HAS CONVERGED.
 MIGRAD WILL VERIFY CONVERGENCE AND ERROR MATRIX.
 MINUIT WARNING IN HESSE
 ============== Second derivative zero for parameter1
  MNHESS FAILS AND WILL RETURN DIAGONAL MATRIX. 
 FCN=0 FROM MIGRAD    STATUS=CONVERGED     215 CALLS         216 TOTAL
                     EDM=0    STRATEGY= 1  ERROR MATRIX UNCERTAINTY 100.0 per cent
  EXT PARAMETER                APPROXIMATE        STEP         FIRST   
  NO.   NAME      VALUE            ERROR          SIZE      DERIVATIVE 
   1  ALO          1.00000e+00   2.52315e+00   0.00000e+00   0.00000e+00
   2  ARO          1.00010e+01     fixed    
   3  NLO          1.50500e+00   1.25800e+00   0.00000e+00   0.00000e+00
   4  NRO          1.50500e+00   1.25800e+00   0.00000e+00   0.00000e+00
   5  mean_o       8.00000e-01   3.85610e-01   0.00000e+00   0.00000e+00
   6  sigma_o      2.00000e-01   2.00898e-01   0.00000e+00   0.00000e+00
                               ERR DEF= 0.5
 EXTERNAL ERROR MATRIX.    NDIM=  25    NPAR=  5    ERR DEF=0.5
  8.991e+00  0.000e+00  0.000e+00  0.000e+00  0.000e+00 
  0.000e+00  2.235e+00  0.000e+00  0.000e+00  0.000e+00 
  0.000e+00  0.000e+00  2.235e+00  0.000e+00  0.000e+00 
  0.000e+00  0.000e+00  0.000e+00  2.100e-01  0.000e+00 
  0.000e+00  0.000e+00  0.000e+00  0.000e+00  5.700e-02 
ERR MATRIX APPROXIMATE
 PARAMETER  CORRELATION COEFFICIENTS  
       NO.  GLOBAL      1      3      4      5      6
        1  0.00000   1.000  0.000  0.000  0.000  0.000
        3  0.00000   0.000  1.000  0.000  0.000  0.000
        4  0.00000   0.000  0.000  1.000  0.000  0.000
        5  0.00000   0.000  0.000  0.000  1.000  0.000
        6  0.00000   0.000  0.000  0.000  0.000  1.000
 ERR MATRIX APPROXIMATE
 **********
 **   44 **HESSE        3000
 **********
 MINUIT WARNING IN HESSE
 ============== Second derivative zero for parameter1
  MNHESS FAILS AND WILL RETURN DIAGONAL MATRIX. 
 FCN=0 FROM HESSE     STATUS=FAILED          3 CALLS         219 TOTAL
                     EDM=0    STRATEGY= 1  ERROR MATRIX UNCERTAINTY 100.0 per cent
  EXT PARAMETER                APPROXIMATE     INTERNAL      INTERNAL  
  NO.   NAME      VALUE            ERROR       STEP SIZE       VALUE   
   1  ALO          5.21737e-02   2.78685e+00   0.00000e+00  -9.27595e-01
   2  ARO          1.00010e+01     fixed    
   3  NLO          1.50500e+00   1.25800e+00   0.00000e+00  -1.11022e-16
   4  NRO          1.50500e+00   1.25800e+00   0.00000e+00  -1.11022e-16
   5  mean_o       8.00000e-01   3.85610e-01   0.00000e+00  -4.11517e-01
   6  sigma_o      2.00000e-01   2.00898e-01   0.00000e+00  -2.26419e-01
                               ERR DEF= 0.5
 EXTERNAL ERROR MATRIX.    NDIM=  25    NPAR=  5    ERR DEF=0.5
  8.991e+00  0.000e+00  0.000e+00  0.000e+00  0.000e+00 
  0.000e+00  2.235e+00  0.000e+00  0.000e+00  0.000e+00 
  0.000e+00  0.000e+00  2.235e+00  0.000e+00  0.000e+00 
  0.000e+00  0.000e+00  0.000e+00  2.100e-01  0.000e+00 
  0.000e+00  0.000e+00  0.000e+00  0.000e+00  5.700e-02 
ERR MATRIX APPROXIMATE
 PARAMETER  CORRELATION COEFFICIENTS  
       NO.  GLOBAL      1      3      4      5      6
        1  0.00000   1.000  0.000  0.000  0.000  0.000
        3  0.00000   0.000  1.000  0.000  0.000  0.000
        4  0.00000   0.000  0.000  1.000  0.000  0.000
        5  0.00000   0.000  0.000  0.000  1.000  0.000
        6  0.00000   0.000  0.000  0.000  0.000  1.000
 ERR MATRIX APPROXIMATE
[#1] INFO:Minization -- RooMinimizerFcn::synchronize: set of constant parameters changed, rerunning const optimizer
 **********
 **   45 **SET ERR         0.5
 **********
 **********
 **   46 **SET PRINT           1
 **********
 **********
 **   47 **HESSE        3000
 **********
 MINUIT WARNING IN HESSE
 ============== Second derivative zero for parameter1
  MNHESS FAILS AND WILL RETURN DIAGONAL MATRIX. 
 FCN=0 FROM HESSE     STATUS=FAILED          3 CALLS         222 TOTAL
                     EDM=0    STRATEGY= 1  ERROR MATRIX UNCERTAINTY 100.0 per cent
  EXT PARAMETER                APPROXIMATE     INTERNAL      INTERNAL  
  NO.   NAME      VALUE            ERROR       STEP SIZE       VALUE   
   1  ALO          5.21737e-02   2.78685e+00   0.00000e+00  -9.27595e-01
   2  ARO          1.00010e+01     fixed    
   3  NLO          1.50500e+00   1.25800e+00   0.00000e+00  -1.11022e-16
   4  NRO          1.50500e+00   1.25800e+00   0.00000e+00  -1.11022e-16
   5  mean_o       8.00000e-01   3.85610e-01   0.00000e+00  -4.11517e-01
   6  sigma_o      2.00000e-01   2.00898e-01   0.00000e+00  -2.26419e-01
                               ERR DEF= 0.5
 EXTERNAL ERROR MATRIX.    NDIM=  25    NPAR=  5    ERR DEF=0.5
  8.991e+00  0.000e+00  0.000e+00  0.000e+00  0.000e+00 
  0.000e+00  2.235e+00  0.000e+00  0.000e+00  0.000e+00 
  0.000e+00  0.000e+00  2.235e+00  0.000e+00  0.000e+00 
  0.000e+00  0.000e+00  0.000e+00  2.100e-01  0.000e+00 
  0.000e+00  0.000e+00  0.000e+00  0.000e+00  5.700e-02 
ERR MATRIX APPROXIMATE
 PARAMETER  CORRELATION COEFFICIENTS  
       NO.  GLOBAL      1      3      4      5      6
        1  0.00000   1.000  0.000  0.000  0.000  0.000
        3  0.00000   0.000  1.000  0.000  0.000  0.000
        4  0.00000   0.000  0.000  1.000  0.000  0.000
        5  0.00000   0.000  0.000  0.000  1.000  0.000
        6  0.00000   0.000  0.000  0.000  0.000  1.000
 ERR MATRIX APPROXIMATE
[#1] INFO:Fitting -- RooAbsPdf::fitTo(DSCB_o) Calculating sum-of-weights-squared correction matrix for covariance matrix
[#1] INFO:Minization -- RooMinimizerFcn::synchronize: set of constant parameters changed, rerunning const optimizer
 **********
 **   48 **SET ERR         0.5
 **********
 **********
 **   49 **SET PRINT           1
 **********
 **********
 **   50 **HESSE        3000
 **********
 MINUIT WARNING IN HESSE
 ============== Second derivative zero for parameter1
  MNHESS FAILS AND WILL RETURN DIAGONAL MATRIX. 
 FCN=0 FROM HESSE     STATUS=FAILED          3 CALLS         225 TOTAL
                     EDM=0    STRATEGY= 1  ERROR MATRIX UNCERTAINTY 100.0 per cent
  EXT PARAMETER                APPROXIMATE     INTERNAL      INTERNAL  
  NO.   NAME      VALUE            ERROR       STEP SIZE       VALUE   
   1  ALO          5.21737e-02   2.78685e+00   0.00000e+00  -9.27595e-01
   2  ARO          1.00010e+01     fixed    
   3  NLO          1.50500e+00   1.25800e+00   0.00000e+00  -1.11022e-16
   4  NRO          1.50500e+00   1.25800e+00   0.00000e+00  -1.11022e-16
   5  mean_o       8.00000e-01   3.85610e-01   0.00000e+00  -4.11517e-01
   6  sigma_o      2.00000e-01   2.00898e-01   0.00000e+00  -2.26419e-01
                               ERR DEF= 0.5
 EXTERNAL ERROR MATRIX.    NDIM=  25    NPAR=  5    ERR DEF=0.5
  8.991e+00  0.000e+00  0.000e+00  0.000e+00  0.000e+00 
  0.000e+00  2.235e+00  0.000e+00  0.000e+00  0.000e+00 
  0.000e+00  0.000e+00  2.235e+00  0.000e+00  0.000e+00 
  0.000e+00  0.000e+00  0.000e+00  2.100e-01  0.000e+00 
  0.000e+00  0.000e+00  0.000e+00  0.000e+00  5.700e-02 
ERR MATRIX APPROXIMATE
 PARAMETER  CORRELATION COEFFICIENTS  
       NO.  GLOBAL      1      3      4      5      6
        1  0.00000   1.000  0.000  0.000  0.000  0.000
        3  0.00000   0.000  1.000  0.000  0.000  0.000
        4  0.00000   0.000  0.000  1.000  0.000  0.000
        5  0.00000   0.000  0.000  0.000  1.000  0.000
        6  0.00000   0.000  0.000  0.000  0.000  1.000
 ERR MATRIX APPROXIMATE
[#0] ERROR:Fitting -- RooAbsPdf::fitTo(DSCB_o) ERROR: Cannot apply sum-of-weights correction to covariance matrix: correction matrix calculated with weight-squared is singular
[#1] INFO:Minization -- RooMinimizer::optimizeConst: deactivating const optimization
[#1] INFO:DataHandling -- RooDataHist::adjustBinning(dh_data2): fit range of variable x_o2 expanded to nearest bin boundaries: [0,2] --> [71,72]
[#1] INFO:Eval -- RooRealVar::setRange(x_c2) new range named 'central2' created with bounds [0.569074,1.45825]
[#1] INFO:Eval -- RooRealVar::setRange(x_u2) new range named 'up2' created with bounds [0.564377,1.49124]
[#1] INFO:Eval -- RooRealVar::setRange(x_d2) new range named 'down2' created with bounds [0.562479,1.43661]
[#1] INFO:Eval -- RooRealVar::setRange(x_o2) new range named 'obs2' created with bounds [0.2,1.4]
[#1] INFO:Fitting -- RooAbsOptTestStatistic::ctor(nll_DSCB_c2_dh_central2) constructing test statistic for sub-range named central2
[#1] INFO:Eval -- RooRealVar::setRange(x_c2) new range named 'NormalizationRangeForcentral2' created with bounds [0,2]
[#1] INFO:Eval -- RooRealVar::setRange(x_c2) new range named 'fit_nll_DSCB_c2_dh_central2' created with bounds [0.569074,1.45825]
[#1] INFO:Fitting -- RooAbsOptTestStatistic::ctor(nll_DSCB_c2_dh_central2) fixing interpretation of coefficients of any RooAddPdf to full domain of observables 
[#1] INFO:Minization -- RooMinimizer::optimizeConst: activating const optimization
 **********
 **   51 **SET PRINT           1
 **********
 **********
 **   52 **SET NOGRAD
 **********
 PARAMETER DEFINITIONS:
    NO.   NAME         VALUE      STEP SIZE      LIMITS
     1 ALC2         1.00000e+00  4.99500e-01    1.00000e-03  1.00000e+01
     2 ARC2         1.00000e+00  4.99500e-01    1.00000e-03  1.00000e+01
     3 NLC2         1.50500e+00  2.99000e-01    1.00000e-02  3.00000e+00
     4 NRC2         1.50500e+00  2.99000e-01    1.00000e-02  3.00000e+00
     5 mean_c2      1.01366e+00  1.00000e-01    5.00000e-01  1.50000e+00
     6 sigma_c2     1.48196e-01  4.90000e-02    1.00000e-02  5.00000e-01
 **********
 **   53 **SET ERR         0.5
 **********
